
myeps =

     2.220446049250313e-16

 
x^2 + x - 2:

roots =

    -2     1


erfl =

S -- Safe

 
-x^2 - x + 2:

roots =

     1    -2


erfl =

S -- Safe

 
1e155x^2 + 1e155x - 2e155:

roots =

    -2     1


erfl =

S -- Safe

 
1e-155x^2 + 1e-155x - 2e-155:

roots =

    -2     1


erfl =

S -- Safe

 
x^2 - 4x + 5:

roots =

2+1i2-1i


erfl =

S -- Safe

 
1e-42x^2 - 2x + 2:

roots =

     0   Inf


erfl =

S -- Safe

 
0x^2 - 2x + 2:

roots =

     1     1


erfl =

S -- Safe

 
0x^2 + 0x + 2:

roots =

  -Inf  -Inf


erfl =

S -- Safe

 
3e-7x^2 + 3x - 5e-13:

roots =

    -1.000000000000000e+07     1.666666666666667e-13


erfl =

S -- Safe

 
-3e-7x^2 - 3x + 5e-13:

roots =

     0   Inf


erfl =

S -- Safe

 
